a1.0:

58	25	0.001	0.5399442547644459	-2.2157042029876615	90
58	25	1.0	0.5399442547644459	-5.651302486654366	90
58	25	10.0	0.5399442547644459	-11.187303875885574	90

a4.0:

58	25	0.001	1.0798885095288917	-2.2157042029876615	90
58	25	1.	1.0798885095288917	-5.651302486654366	90
58	25	10.	1.0798885095288917	-11.187303875885574	90

56	25	0.001	1.0611064070330467	-2.2088708039602074	90
56	25	1.	1.0611064070330467	-5.6075746414268215	90
56	25	10.	1.0611064070330467	-11.03319658557234	90

a7.0:

56	25	0.001	1.4037118337933603	-2.2088708039602074	90
56	25	1.	1.4037118337933603	-5.6075746414268215	90
56	25	10.	1.4037118337933603	-11.03319658557234	90
